1, 8 0 0 0 0 0 0 0;
2, 4 0 0 0 4 0 0 0;
3, 2 0 2 0 2 0 2 0;
4, 1 1 1 1 1 1 1 1;
5, 4 0 0 0 2 0 2 0;
6, 2 0 4 0 0 0 2 0;
7, 2 0 2 0 4 0 0 0;
8, 4 0 0 0 1 1 1 1;
9, 4 0 0 0 2 0 1 1;
10, 4 0 0 0 1 1 2 0;
11, 1 1 4 0 0 0 1 1;
12, 2 0 4 0 0 0 1 1;
13, 1 1 4 0 0 0 2 0;
14, 1 1 1 1 4 0 0 0;
15, 2 0 1 1 4 0 0 0;
16, 1 1 2 0 4 0 0 0;
17, 2 0 1 1 1 1 1 1;
18, 1 1 2 0 1 1 1 1;
19, 1 1 1 1 2 0 1 1;
20, 1 1 1 1 1 1 2 0;
21, 2 0 2 0 1 1 1 1;
22, 2 0 1 1 2 0 1 1;
23, 2 0 1 1 1 1 2 0;
24, 1 1 2 0 2 0 1 1;
25, 1 1 2 0 1 1 2 0;
26, 1 1 1 1 2 0 2 0;
27, 2 0 2 0 2 0 1 1;
28, 2 0 2 0 1 1 2 0;
29, 2 0 1 1 2 0 2 0;
30, 1 1 2 0 2 0 2 0;
